RAY_DEPTH 6
SAMPLES 100
DIMENSIONS 206 266
BG_COLOR 0.778184 0.873946 0.92094
CAMERA_POSITION -1.83064 4.26392 -5.81357
CAMERA_RIGHT -0.934372 -4.85501e-09 0.356298
CAMERA_UP 0.212008 0.803704 0.555979
CAMERA_FORWARD 0.286358 -0.59503 0.750958
CAMERA_FOV_X 1.21011
NEW_PRIMITIVE
PLANE -0.0205005 0.996712 0.0783922
POSITION -0.690187 -1.64494 -0.521769
COLOR 0.153207 0.190499 0.114724
NEW_PRIMITIVE
ELLIPSOID 0.715311 1.0867 1.08964
POSITION 3.89036 1.09286 0.787436
ROTATION 0.0460494 -0.379787 0.728422 -0.568369
COLOR 0.0946591 0.920258 0.847221
NEW_PRIMITIVE
BOX 1.06714 0.813473 0.606528
POSITION 0.695238 1.01055 3.23367
ROTATION -0.311385 0.530079 0.0487862 -0.787195
COLOR 0.655208 0.547089 0.290629
NEW_PRIMITIVE
ELLIPSOID 0.556996 0.700143 0.871554
POSITION -2.85569 0.145763 1.8966
ROTATION 0.649371 0.446691 0.283307 -0.546372
COLOR 0.652497 0.220392 0.942174
NEW_PRIMITIVE
BOX 1.92359 1.62544 1.54126
POSITION -3.94424 1.85261 -2.19344
ROTATION 0.148479 -0.580168 -0.723954 -0.342418
COLOR 0.605219 0.182908 0.757674
NEW_PRIMITIVE
ELLIPSOID 0.850982 1.98341 1.85793
POSITION -0.703196 2.30226 -4.49352
ROTATION -0.564945 -0.0634803 0.79942 -0.194255
COLOR 0.672317 0.710334 0.119416
NEW_PRIMITIVE
BOX 1.57937 1.94342 0.694875
POSITION 3.05556 1.57167 -1.95149
ROTATION -0.716107 0.0571378 0.571634 -0.396436
COLOR 0.0910807 0.161314 0.274612
